image: /home/student/catkin_ws/src/auto_nav/maps/auto_map20240415-210956.pgm
resolution: 0.050000
origin: [-10.000000, -10.000000, 0.000000]
negate: 0
occupied_thresh: 0.65
free_thresh: 0.196

